  1810
   982
  1027
   145
   811
   442
   676
   901
   865
  2008
   163
  1333
   271
    91
  1432
   955
   244
  1495
   595
   739
   541
  1360
  1054
   928
  1648
   658
   379
  1036
   406
  1819
  1243
  2035
   946
  2170
   487
  1981
  1567
   496
    55
   388
  1297
  1414
   433
   415
  2080
    64
   649
   118
    28
  1792
   460
  1198
   730
   280
   352
   253
  1756
  1603
  1540
  1900
  1405
   172
  1594
  1279
   892
   604
  1000
  1549
  2161
   226
   973
   766
  1324
    10
  1270
   631
  1783
   199
   190
  2116
  1108
   307
  1135
  1090
  1972
  1306
  1675
  1441
  1216
  1252
   109
  1954
   784
  1846
  2026
   685
  1162
  1873
   622
  1522
  1378
  1576
   757
  1063
  1189
   469
  1459
  1738
  1081
  1711
   298
   874
    82
  1171
  2134
  1630
   136
   550
  1621
  2062
  1729
   820
   703
  1684
  1702
    37
  2053
  1468
  1999
  2089
   325
  1657
   919
  1387
  1837
  1765
  1864
   361
   514
   577
   217
   712
  1945
   523
   838
  1225
  1513
  1117
   568
  2143
  1891
  1144
  1351
   793
  2107
   847
  1486
   334
  1918
  1927
     1
  1009
  1810
   982
  1027
   145
   811
   442
   676
   901
   865
  2008
   163
  1333
   271
    91
  1432
   955
   244
  1495
   595
   739
   541
  1360
  1054
   928
  1648
   658
   379
  1036
   406
  1819
  1243
  2035
   946
  2170
   487
  1981
  1567
   496
    55
   388
  1297
  1414
   433
   415
  2080
    64
   649
   118
    28
  1792
   460
  1198
   730
   280
   352
   253
  1756
  1603
  1540
  1900
  1405
   172
  1594
  1279
   892
   604
  1000
  1549
  2161
   226
   973
   766
  1324
    10
  1270
   631
  1783
   199
   190
  2116
  1108
   307
  1135
  1090
  1972
  1306
  1675
  1441
  1216
  1252
   109
  1954
   784
  1846
  2026
   685
  1162
  1873
   622
  1522
  1378
  1576
   757
  1063
  1189
   469
  1459
  1738
  1081
  1711
   298
   874
    82
  1171
  2134
  1630
   136
   550
  1621
  2062
  1729
   820
   703
  1684
  1702
    37
  2053
  1468
  1999
  2089
   325
  1657
   919
  1387
  1837
  1765
  1864