 29835
 12720
 58305
 23326
  9423
 11756
 36133
 40446
 51799
 49380
 23025
 31782
 28219
 34116
 23337
 38958
 17575
 23560
 14805
 18414
 13575
 48688
  7109
 17098
 41871
 55292
 41873
 55338
 42931
 21108
 16973
  9714
 47731
 14380
 37921
 23006
  2063
 18168
  7917
 35682
   791
 47476
 37797
 20154
 53595
 32124
 36085
 39342
 26407
 51004
  1813
 12418
 51359
 39260
 24521
  7626
 58271
 22544
 50001
  8026
  8907
 58452
 55989
 28622
 14103
  2268
 52165
 57798
 40947
 34040
 21589
 57318
 29907
 14376
 37829
 20890
 11959
 11520
 30705
 32730
 50023
  8532
 20545
 33306
  4707
 20416
  1057
 53594
  2819
 35556
 56457
 39386
 27419
 15716
 10085
 26982
 34947
 13168
 10045
 26062
 13787
 53564
  2129
 19686
 42831
 18808
 22637
 22858
 57223
 57004
 22685
 23962
 24051
 55380
 43897
 43326
   911
 50236
 42713
 16094
 18779
 51252
  7517
 26482
 23447
 41488
 17201
 14958
 51215
 35948
  6909
 12498
 53199
 23016
  2293
 23458
 12459
 23020
  2385
 25574
  2563
 29668
 38161
 28526
 11895
 10048
 55413
 15374
  2219
 21756
 31877
  1122
 25807
 37204
 35797
 32718
 49747
  2184
 50233
 13362
 14507
 11560
 31625
 53890
  9627
 16448
 26921
  4262
 39463
 58472
 56449
 39202
 23187
 35508
 55353
 13994
 29043
 53068
 49285
 50122
 40091
 14352
 37277
  8194
 12771
 30196
 50305
 15018
 52595
  9124
 34161
 53654
  4199
  8732
 25145
 21978
 36983
  1432
 32937
 25502
   907
 50144
 40597
 25990
 12131
 15476
  4565
 17150
 43067
 24236
 30353
 24634
 39507
   920
 21161
 47474
 37751
 19096
 29261
 58082
 47479
  8584
 21741
  2250
 51751
 48276
 56197
 33406
  7007
 14752
 46477
 44102
 18759
 50792
 55501
 17398
 48771
 38300
  2441
 26862
 32187
  8252
 14105
  2314
 53223
 23568
 14989
 22646
 52347
  3420
 20097
 23002
  1971
 16052
 17813
 29034
 23579
 44524
 28465
 39774
 36343
 45276
 45761
 27634
 49943
  6692
 36789
 55534
 47439
  7664
   581
 42646
 43835
 41900
 26677
 57214
 27515
 17924
  2305
 23734
 18807
 51896
 22329
 15774
 11419
 57664
 37865
 21718
 31003
 39584
 31973
  3330
 18027
 33956
 19657
 12882
  3467
 50460
 47865