   183
   364
     5
     6
   367
   188
   369
    10
    11
   372
   193
   374
    15
    16
   377
   198
   379
    20
    21
   382
   203
   384
    25
    26
   387
   208
   389
    30
    31
   392
   213
   394
    35
    36
   397
   218
   399
    40
    41
   402
   223
   404
    45
    46
   407
   228
   409
    50
    51
   412
   233
   414
    55
    56
   417
   238
   419
    60
    61
   422
   243
   424
    65
    66
   427
   248
   429
    70
    71
   432
   253
   434
    75
    76
   437
   258
   439
    80
    81
   442
   263
   444
    85
    86
   447
   268
   449
    90
    91
     2
   273
     4
    95
    96
     7
   278
     9
   100
   101
    12
   283
    14
   105
   106
    17
   288
    19
   110
   111
    22
   293
    24
   115
   116
    27
   298
    29
   120
   121
    32
   303
    34
   125
   126
    37
   308
    39
   130
   131
    42
   313
    44
   135
   136
    47
   318
    49
   140
   141
    52
   323
    54
   145
   146
    57
   328
    59
   150
   151
    62
   333
    64
   155
   156
    67
   338
    69
   160
   161
    72
   343
    74
   165
   166
    77
   348
    79
   170
   171
    82
   353
    84
   175
   176
    87
   358
    89
   180
   181
    92
   363
    94
   185
   186
    97
   368
    99
   190
   191
   102
   373
   104
   195
   196
   107
   378
   109
   200
   201
   112
   383
   114
   205
   206
   117
   388
   119
   210
   211
   122
   393
   124
   215
   216
   127
   398
   129
   220
   221
   132
   403
   134
   225
   226
   137
   408
   139
   230
   231
   142
   413
   144
   235
   236
   147
   418
   149
   240
   241
   152
   423
   154
   245
   246
   157
   428
   159
   250
   251
   162
   433
   164
   255
   256
   167
   438
   169
   260
   261
   172
   443
   174
   265
   266
   177
   448
   179
   270
   271
   182
     3
   184
   275
   276
   187
     8
   189
   280
   281
   192
    13
   194
   285
   286
   197
    18
   199
   290
   291
   202
    23
   204
   295
   296
   207
    28
   209
   300
   301