3307
57428
62133
2638
19295
51240
37097
17378
7507
34684
10909
31990
53959
61008
4049
34186
48059
52388
36997
11678
10287
62072
64697
17714
26659
12236
42093
40006
52119
21664
55201
730
41611
12532
58965
18670
15615
38088
8329
16002
60147
20508
54845
45974
64615
13040
22385
30762
49499
3396
62501
23614
35279
44824
64601
12242
42435
59500
49165
49894
25911
35136
36673
58746
6187
24980
47605
26510
3743
16744
36905
6434
39059
63676
25053
51766
1543
22416
32529
19146
42747
11748
14277
27358
52079
19384
56313
64114
50019
33036
48045
51590
57047
40416
9953
43034
28107
29236
28053
26158
49215
52744
57289
54210
9779
33116
52605
49366
61351
23600
34481
64874
27803
11908
23397
22910
60687
51288
39833
42258
49411
63916
38733
45094
14455
37504
40577
19130
41835
25300
309
17614
20959
15016
3945
28258
37843
59900
6429
38774
47431
16592
28241
36874
4667
3876
24325
10270
61103
9464
15161
12210
40611
21068
21229
30406
29207
26400
63009
52570
47371
13172
29909
878
50047
34632
7945
59650
57715
12956
17597
19990
25319
1392
13809
682
38875
53188
17061
54974
53327
24984
47833
39506
23619
35564
61069
7526
35767
7104
11713
12282
44715
58388
51317
41486
5407
46056
3753
17314
3859
23356
20573
58550
60551
43536
56721
21834
64891
28772
1605
25950
37359
32312
6777
58610
63971
41868
27181
41990
34135
45152
17761
29338
33867
29876
64533
8366
18111
49288
56905
32322
7347
25564
15357
23382
22055
11952
25905
34794
17179
61700
43493
54270
13199
31448
23065
3986
30595
39980
50637
2726
24311
9472
15617
38202
14827
58708
4021
32590
22623
44328
36329
39138
2643
19580
1949
45558
40903
37712
52433
39562
26811
20900
11653
8862
46383
22392
31161
6706
54563
29900
365
20806
6295
31136
5281
38874
53131
13812
853
48622
18943
31176
7561
37762
55283
5404
45885