3
4
65
6
7
68
9
10
71
12
13
74
15
16
77
18
19
80
21
22
83
24
25
86
27
28
89
30
31
92
33
34
95
36
37
98
39
40
101
42
43
104
45
46
107
48
49
110
51
52
113
54
55
116
57
58
119
60
61
122
63
64
125
66
67
128
69
70
131
72
73
134
75
76
137
78
79
140
81
82
143
84
85
146
87
88
149
90
91
152
93
94
155
96
97
158
99
100
161
102
103
164
105
106
167
108
109
170
111
112
173
114
115
176
117
118
179
120
121
2
123
124
5
126
127
8
129
130
11
132
133
14
135
136
17
138
139
20
141
142
23
144
145
26
147
148
29
150
151
32
153
154
35
156
157
38
159
160
41
162
163
44
165
166
47
168
169
50
171
172
53
174
175
56
177
178
59
0
1
62
3
4
65
6
7
68
9
10
71
12
13
74
15
16
77
18
19
80
21
22
83
24
25
86
27
28
89
30
31
92
33
34
95
36
37
98
39
40
101
42
43
104
45
46
107
48
49
110
51
52
113
54
55
116
57
58
119
60
61
122
63
64
125
66
67
128
69
70
131
72
73
134
75
76
137
78
79
140
81
82
143
84
85
146
87
88
149
90
91
152
93
94
155
96
97
158
99
100
161
102
103
164
105
106
167
108
109
170
111
112
173
114
115
176
117
118
179
120
121