3969
12097
24321
40641
61057
20033
48641
15809
52609
27969
7425
56513
44161
35905
31745
31681
35713
43841
56065
6849
27265
51777
14849
47553
18817
59713
39169
22721
10369
2113
63489
63425
1921
10049
22273
38593
59009
17985
46593
13761
50561
25921
5377
54465
42113
33857
29697
29633
33665
41793
54017
4801
25217
49729
12801
45505
16769
57665
37121
20673
8321
65
61441
61377
65409
8001
20225
36545
56961
15937
44545
11713
48513
23873
3329
52417
40065
31809
27649
27585
31617
39745
51969
2753
23169
47681
10753
43457
14721
55617
35073
18625
6273
63553
59393
59329
63361
5953
18177
34497
54913
13889
42497
9665
46465
21825
1281
50369
38017
29761
25601
25537
29569
37697
49921
705
21121
45633
8705
41409
12673
53569
33025
16577
4225
61505
57345
57281
61313
3905
16129
32449
52865
11841
40449
7617
44417
19777
64769
48321
35969
27713
23553
23489
27521
35649
47873
64193
19073
43585
6657
39361
10625
51521
30977
14529
2177
59457
55297
55233
59265
1857
14081
30401
50817
9793
38401
5569
42369
17729
62721
46273
33921
25665
21505
21441
25473
33601
45825
62145
17025
41537
4609
37313
8577
49473
28929
12481
129
57409
53249
53185
57217
65345
12033
28353
48769
7745
36353
3521
40321
15681
60673
44225
31873
23617
19457
19393
23425
31553
43777
60097
14977
39489
2561
35265
6529
47425
26881
10433
63617
55361
51201
51137
55169
63297
9985
26305
46721
5697
34305
1473
38273
13633
58625
42177
29825
21569
17409
17345
21377
29505
41729
58049
12929
37441
513
33217
4481
45377
24833
8385
61569
53313
49153
49089
53121
61249
7937
24257
44673
3649
32257
64961
36225
11585
56577
40129
27777
19521
15361
15297
19329
27457
39681
56001
10881
35393
64001
31169
2433
43329
22785
6337
59521
51265
47105
47041
51073
59201
5889
22209
42625
1601
30209
62913
34177
9537
54529