7311
31612
45
3826
63067
52280
52889
39118
48231
36404
14149
23018
55987
40304
17969
20038
64831
5612
18269
45538
4107
21416
50889
190
16151
62116
36981
63194
63075
52960
45153
36918
57839
1116
29325
2258
60859
61208
25337
56494
17863
11028
19877
51146
22035
37968
16017
50726
51871
18124
33213
5058
36715
40584
41769
11422
53367
14212
28373
52410
63939
60864
61633
61462
46927
56636
29933
53938
62747
25080
34649
61582
57127
6132
62469
1450
57715
56112
50929
3590
43007
51116
19485
17826
7883
14696
3977
10366
29143
52324
56629
29338
3363
23712
49441
8182
40111
1564
1869
27794
3195
9432
15289
54382
34951
21716
10853
5002
31955
29200
57169
9702
38239
39052
42621
18306
48683
9288
3049
62558
9015
45380
56213
59514
12419
7040
8577
8150
37391
32508
10669
54898
13275
14264
32793
34894
16871
57780
61637
61802
10291
22768
34737
3526
37567
47468
37085
6498
28043
24360
38985
36926
58519
58916
27125
11866
25571
10848
4577
61366
38767
18396
56333
4178
27451
39576
21625
3118
2887
48788
18213
40778
58259
36816
49169
50598
40991
10828
2877
47938
11499
59912
46249
64542
46583
27396
34901
17466
42819
35136
37441
36758
44239
24764
7789
6706
45723
19832
47321
24590
58535
60276
11653
7466
44787
5808
34929
19846
48511
60204
5533
11554
64587
50408
24841
14334
38743
16356
14005
10778
64163
14368
41633
65398
53807
51612
61645
62482
2555
20568
44345
33774
52743
26708
41957
27402
35411
60816
57553
42342
60127
64524
45053
28418
56235
61384
40297
17374
34999
25796
29973
57338
24067
14080
17153
16214
1935
33404
21293
40434
29019
41784
12697
30670
51047
13620
43589
35050
30131
5232
51505
52550
10303
23788
55901
32994
51979
27304
27081
8126
35351
55716
17269
26074
53603
34272
29537
20278
19695
35676
17805
6098
59579
17944
17913
15278
53447
21012
16549