 28654
 42066
 61056
 16452
 61224
 50340
 26468
 41052
 62444
 53064
 61122
 57846
 52250
  9250
 59322
 13010
 40864
 33882
 38916
 15354
 45668
 38808
 31010
 30570
 16698
 54684
 22848
 22228
 56290
 47272
 44108
 61104
 16774
 60654
 38326
  8666
 44484
 52706
 45070
 21146
 62682
 35550
   964
 44688
 37694
 59028
 19228
  3404
 50136
 41480
 27094
 64362
 46820
 46536
 17330
  4322
 48104
  6008
 51224
 26938
 14174
 32292
 36440
 58806
 58690
 63372
 15608
 50102
 43982
 35688
 10080
  2098
 11344
 32418
 61856
 65500
 51724
 24832
 57378
 32730
 31188
 29034
  6394
  7402
 14164
  2194
 11988
 31278
 37828
 29896
 58588
  5356
 41390
 18300
 40860
 61156
 55344
 43656
 63532
 38522
 48202
 25776
 41870
 21520
 35160
  6538
  8368
 12454
 31674
 24104
 41574
  8614
  5914
  4182
 19864
 56812
 58964
 62480
  4164
 44314
 65216
 22518
 11824
 35638
 56156
 10882
  4748
 59152
 25520
 18312
 24560
 11872
 35960
 55586
 64390
 52468
 62584
 15782
 10318
 50106
 16708
 19260
 47300
 49756
 11630
 15226
  1128
 40328
 19366
 12520
  7546
 15130
   484
 41468
 43394
 48124
   682
 34606
 16472
 55898
 33722
 16002
 17254
 63874
 32626
 19570
 63030
 21504
 13212
  6728
 56054
 18388
 30530
 27350
 22398
 43780
  4302
 53430
 22626
 61690
 50736
 12744
 52730
 12470
 53622
 23914
 59410
  2680
  7058
   936
 39040
 21646
 60576
 13232
  1402
 39436
  7922
  6732
 28780
  1960
  2228
  9486
 22684
 26588
  9096
 28258
 55790
 49378
   904
 60666
 22026
 24904
 25100
 64636
 45928
 35092
 11542
 25556
 34934
  7752
 19242
  6228
 58160
 40706
 30092
 32602
 52170
 30554
 60272
 54874
  5012
 28162
 55146
 50518
 24932
 30748
 15162
 44380
 41088
 13544
 36256
  2970
 28114
 54824
 51088
 36946
 48550
 11730
 54118
 49082
 53520
 31420
 19670
 36400
  3936
 26404
 18782
 63204
 47242
 19336
 53270
 65234
 63590
  3420
  6562
 41290
 44930
 58428
 47964
 43290
 36506
 34678
 49716
 22282
 48462
 22060
 22402
 16506
 53396
 25128
  4762
 61976
 33544
 17538
 27558
 45634
 41310
 39604
 41810
 37498
 19492
 37936
 14240
  8164
 27466
 17716
 26022
 35330
 59550